4,830,830
1,L. Modernas y Cultura,60,40,730,785,2,10,30,90,160,250,30,50,50
2,658,785
1,Comunicación social,60,40,586,785,4,20,60,180,320,450,30,50,50
7,200,514,785
1,DuNord Plaza,200,40,442,785,25,0,50,100,200,0,100,0,0
1,Ciencia de datos,100,40,370,785,6,30,90,270,400,550,50,50,50
3,298,785
1,Geología,100,40,226,785,6,30,90,270,400,550,50,50,50
1,Matemáticas,120,40,154,785,8,40,100,300,450,600,50,50,50
5,10,785
1,Diseño gráfico,140,40,97,728,10,50,150,450,625,750,70,100,100
1,DuNord Graphique,150,40,97,656,0,0,0,0,0,0,75,0,
1,Música,140,40,97,584,10,50,150,450,625,750,70,100,100
1,Arquitectura,160,40,97,512,12,60,180,500,700,900,80,100,100
1,DuNord Express,200,40,97,440,25,0,50,100,200,0,100,0,
1,Derecho,180,40,97,368,14,70,200,550,750,950,90,100,100
2,97,296
1,Contaduría Pública,180,40,97,224,14,70,200,550,750,950,90,100,100
1,Política y gobierno,200,40,97,152,16,80,220,600,800,1000,100,100,100
8,97,80
1,Ing. Eléctrica,220,40,150,95,18,90,250,700,875,1050,110,150,150
3,222,95
1,Ing. Electrónica,220,40,294,95,18,90,250,700,875,1050,110,150,150
1,Ing. de sistemas,240,40,366,95,20,100,300,750,925,1100,120,150,150
1,Restaurante 1966,200,40,438,95,25,0,50,100,200,0,100,0,
1,Ing. Civil,260,40,510,95,22,110,330,800,975,1150,130,150,150
1,Ing. Industrial,260,40,582,95,22,110,330,800,975,1150,130,150,150
1,KM5,150,40,654,95,0,0,0,0,0,0,75,0,0
1,Ing. Mecánica,280,40,726,95,24,120,360,850,1024,1200,140,150,150
6,798,95
1,Enfermería,300,40,780,152,26,130,390,900,1100,1275,150,200,200
1,Odontología,300,40,780,152,26,130,390,900,1100,1275,150,200,200
2,780,296
1,Medicina,320,40,780,368,28,150,390,900,1200,1400,160,200,200
1,DuNord Terrasse,200,40,780,440,25,0,50,100,200,0,100,0,
3,780,512
1,Negocios Int.,350,40,780,584,35,175,500,1100,1300,1500,175,200,200
7,7500,780,656
1,Administración,400,40,780,728,50,175,500,1100,1700,2000,200,200,200
